# IFD created by Houdini Version: 14.0.444
# Generation Time: Oct 01, 2015 at 00:09:07
#   Render Target: mantra12.0
#        HIP File: /home/max/projects/Xenon/scenes/box, $T=0, $FPS=24
#   Output driver: /out/xenon
ray_version VEX14.0.444
ray_declare global float global:fps 24

setenv HIP = "/home/max/projects/Xenon/scenes"
# Retained geometry
# Save geometry for /obj/box_object1/box1 at time 0
ray_start geo	# {
    ray_detail /obj/box_object1/box1 stdin
[
	"fileversion","14.0.444",
	"hasindex",false,
	"pointcount",8,
	"vertexcount",24,
	"primitivecount",6,
	"topology",[
		"pointref",[
			"indices",[0,1,3,2,4,5,7,6,6,7,2,3,5,4,1,0,5,0,2,7,1,4,6,3]
		]
	],
	"attributes",[
		"vertexattributes",[
			[
				[
					"scope","public",
					"type","numeric",
					"name","N",
					"options",{
						"type":{
							"type":"string",
							"value":"normal"
						}
					}
				],
				[
					"size",3,
					"storage","fpreal32",
					"defaults",[
						"size",1,
						"storage","fpreal64",
						"values",[0]
					],
					"values",[
						"size",3,
						"storage","fpreal32",
						"tuples",[[0,0,1],[0,0,1],[0,0,1],[0,0,1],[0,0,-1],[0,0,-1],[0,0,-1],[0,0,-1],[0,1,0],[0,1,0],[0,1,0],[0,1,0],[0,-1,0],[0,-1,0],[0,-1,0],[0,-1,0],[1,0,0],[1,0,0],[1,0,0],[1,0,0],[-1,0,0],[-1,0,0],[-1,0,0],[-1,0,0]
						]
					]
				]
			]
		],
		"pointattributes",[
			[
				[
					"scope","public",
					"type","numeric",
					"name","P",
					"options",{
						"type":{
							"type":"string",
							"value":"hpoint"
						}
					}
				],
				[
					"size",4,
					"storage","fpreal32",
					"defaults",[
						"size",4,
						"storage","fpreal64",
						"values",[0,0,0,1]
					],
					"values",[
						"size",4,
						"storage","fpreal32",
						"tuples",[[0.5,-0.5,0.5,1],[-0.5,-0.5,0.5,1],[0.5,0.5,0.5,1],[-0.5,0.5,0.5,1],[-0.5,-0.5,-0.5,1],[0.5,-0.5,-0.5,1],[-0.5,0.5,-0.5,1],[0.5,0.5,-0.5,1]
						]
					]
				]
			]
		]
	],
	"primitives",[
		[
			[
				"type","run",
				"runtype","Poly",
				"varyingfields",["vertex"],
				"uniformfields",{
					"closed":true
				}
			],
			[
				[[0,1,2,3]
				],
				[[4,5,6,7]
				],
				[[8,9,10,11]
				],
				[[12,13,14,15]
				],
				[[16,17,18,19]
				],
				[[20,21,22,23]
				]
			]
		]
	]
]
ray_end	# }

# Main image from /obj/cam1
ray_time 0	# {
    ray_declare global string render_label "/obj/cam1.beauty"
    ray_declare plane string IPlay.s3dleftplane ""
    ray_declare plane string IPlay.s3drightplane ""
    ray_image "-f" "OpenEXR" "/home/max/projects/Xenon/scenes/render/box.xenon.0001.exr"
	ray_declare plane string IPlay.rendermode "append"
	ray_declare plane string IPlay.framerange "1 1"
	ray_declare plane float IPlay.currentframe 1
	ray_declare plane string IPlay.rendersource "/out/xenon"
	ray_declare plane int IPlay.houdiniportnum 26741
	ray_start plane	# {
	    ray_property plane variable "Cf+Af"
	    ray_property plane vextype "vector4"
	    ray_property plane channel "C"
	ray_end	# }
    
    ray_property renderer verbose 0
    ray_property renderer renderengine "micropoly"
    ray_property renderer colorspace "gamma"
    ray_property image bucket 32
    ray_property image samples 3 3
    ray_property renderer pbrshader pathtracer use_renderstate 0
    ray_property image resolution 1920 1080
    ray_property image pixelaspect 1
    ray_property camera clip 0.00100000000000000002 10000
    ray_property camera projection "perspective"
    ray_property image crop 0 1 0 1
    ray_property object velocityscale 0.0208333333333333322
    ray_declare global vector2 camera:shutter 0 0.5
    ray_property object xformsamples 3
    ray_transform 0.882576136680765955 -0.186461697015747552 0.431614872899048152 0 -5.20417042793042128e-18 0.91799844262159469 0.396583987755843137 0 -0.470169504499870716 -0.350015563783004136 0.810203518967926861 0 0.0742526792754727438 0.00970737226127441934 -7.57395519633513992 1
    ray_mtransform 0.882576136680765955 -0.186461697015747552 0.431614872899048208 0 -1.04083408558608426e-17 0.91799844262159469 0.396583987755843026 0 -0.470169504499870716 -0.350015563783004191 0.810203518967926861 0 0.0761219255167499276 0.0124720637407051485 -7.58208485021657275 1
    ray_mtransform 0.882576136680765844 -0.186461697015747579 0.431614872899048208 0 -3.46944695195361419e-18 0.917998442621594801 0.396583987755843137 0 -0.470169504499870716 -0.350015563783004191 0.810203518967926639 0 0.0779911717580277913 0.0152367552201358048 -7.59021450409800824 1
    ray_start segment	# {
	ray_property camera orthowidth 2
	ray_property camera zoom 1.20710550584963339
	ray_property image window 0 1 0 1
    ray_end	# }
    ray_start segment	# {
	ray_property camera orthowidth 2
	ray_property camera zoom 1.20710550584963339
	ray_property image window 0 1 0 1
    ray_end	# }
    ray_start segment	# {
	ray_property camera orthowidth 2
	ray_property camera zoom 1.20710550584963339
	ray_property image window 0 1 0 1
    ray_end	# }
    ray_start light	# {
	ray_transform 0.882576136680765955 0 -0.470169504499870772 0 -0.186461697015747552 0.91799844262159469 -0.350015563783004191 0 0.431614872899048208 0.396583987755843081 0.810203518967926861 0 3.20530811970153451 2.99479800222888093 6.17475422937376361 1
	ray_mtransform 0.882576136680765955 0 -0.470169504499870772 0 -0.186461697015747552 0.91799844262159469 -0.350015563783004191 0 0.431614872899048208 0.396583987755843081 0.810203518967926861 0 3.20768275616713172 2.99548411031180839 6.18318745118240187 1
	ray_mtransform 0.882576136680765955 0 -0.470169504499870772 0 -0.186461697015747552 0.91799844262159469 -0.350015563783004191 0 0.431614872899048208 0.396583987755843081 0.810203518967926861 0 3.21005739263272849 2.9961702183947363 6.19162067299104102 1
	ray_property object name "soho_autoheadlight_light"
	ray_property object xformsamples 3
	ray_property light projection "perspective"
	ray_property light zoom 1.20710550584963339 1.20710550584963339
    ray_end	# }

    ray_start object	# {
	ray_transform 1 0 0 0 0 1 0 0 0 0 1 0 -0.217346534653465373 -0.217346534653465373 -0.163287128712871293 1
	ray_mtransform 1 0 0 0 0 1 0 0 0 0 1 0 -0.204672029702970271 -0.204672029702970271 -0.123452970297029674 1
	ray_mtransform 1 0 0 0 0 1 0 0 0 0 1 0 -0.190178217821782153 -0.190178217821782153 -0.0779009900990098453 1
	ray_geometry /obj/box_object1/box1
	ray_property object name "/obj/box_object1"
	ray_property object shadingquality 2
	ray_property object xformsamples 3
	ray_property object surface opdef:/Shop/v_constant
    ray_end	# }
    ray_raytrace
# Generation time: 0.0397949 seconds
ray_quit	# }
